0 3.164812986
100 3.16607876474
200 3.16733247065
300 3.16855803329
400 3.16978787473
500 3.17110642327
600 3.1724111743
700 3.17373776203
800 3.17508867745
900 3.17647988657
1000 3.17789211269
1100 3.17934967513
1200 3.18082621005
1300 3.1823644676
1400 3.18397677922
1500 3.18553383802
1600 3.18711405652
1700 3.18891676652
1800 3.19066391647
1900 3.19241669083
2000 3.19424188298
2100 3.19611227804
2200 3.19800359327
2300 3.19996733025
2400 3.2019783226
2500 3.203974553
2600 3.20605985427
2700 3.20813216275
2800 3.21028471016
2900 3.21244067554
3000 3.21462014587
3100 3.21684885189
3200 3.21912073885
3300 3.22139084601
3400 3.22370095497
3500 3.22600774212
3600 3.22835252743
3700 3.23073153094
